627145264047.762725
711449880033377927
-1003
558458402222220.1946
0
56389012484479365611561.622307065873
-166122660358084852.6431785513412
757882312221.1
0
1274655149918764201217724005.358358339344
7609561100395758241.17074488
6.7
447597832810.35076011
3518244575885602347077770100945543346801592.4571648
135698387919810826242305.251
ERROR: Division by zero or other operation error in line 16
45589625.40089
1003
3082969585760944410556.1383
0
1144995480714392733670.48757923
ERROR: Division by zero or other operation error in line 22
255112789452981641614900238273638246603.157388716559
70139.320006
2908092511551707.63424
0
ERROR: Division by zero or other operation error in line 27
345404637732.53296963679
815691433756642.221046648709
-570030980460079308591235.5854735
232611168519528494195488.3964549
-69665.361301454
4709967332361505151858532347.1858247703594116
-11146403012489890.45573232
3558148230831625656641489263642214.98733023344912978
5899175021882.7085429064
4620916049417231901652280.28244
833848421990225.226847
-9597664692659028277495.489381044819
1003
-389660123.740751457888
487869508143116088216840306225320227.5231
4765456284177225605303676.31379547979
745526539258.84
53594488433589496538460021589464936.27014339255
161922285149557214650344756950392.266200581495
-2769374409403542.95966059
16044740555035091943328.4192
0
3203752269381420921360350.38021470043
84872906156098122221305282656
6961.575384
0
ERROR: Division by zero or other operation error in line 54
-662569710770049779878046.461296911
0
-10189645282831405.8067502976
833389943869.339649871
10780828823158266309330796.79719074379999
0
279560876284793594311.4415608391
ERROR: Division by zero or other operation error in line 62
37752182.30289219844
89026341372.849423742
24650029371683745.8
-405687807126524948920.44815
1106781.231407758016
1003
64033699952850099030555.856
-5182865492404196405435.837049715984
26.8
2922111312857983173600461724561557.15778688
1742153193625259532.908872
166605880957954700089356.152396
507211428814040.86943976
0
ERROR: Division by zero or other operation error in line 77
-109.3110644641
2115320264009333963790244.617771039
6.6
945804879039.8509108
8292860028944576448429.4950607962
164963017.434
-1093781461440244742299448.61875646732
12856572918.0107178278
517
-2201481033036502444142043711699711.86015559
49702663820738885849169.4430825
2072563669411799865441.00489405026
995156.41405
1003
20749209214.145646589
234172022.63267
1593564738512181537.7171067
-526988320991270.6155
2919113599658832427189.25854
170384083714842847212.6082583869
14.1
-22237616926081416976518825354836495642.8738219842144
603629037172733350.77
-524796000940963503.146395393
5128177171699444938675.47
5915304563040.733661
8504506792163978139702.7068662
337837611804863.3753306
6744540602142504111.112
0
ERROR: Division by zero or other operation error in line 108
80365959257072792904432.117213
58768056925784289436675.567333289
680766449386678.2
966370507.38
53674258756256245450727311398275.92393
6510250666860707752935.986388596
-30796404430746453403510100944972.428419864493
34264685512684080.73368
706502638606891140489794821050761.49702487497116407
-27217429478702.8215396
862839762053371127758176.115933
326401190340.6913736785
163500230047717602406086.569033
5100.155001792301
1003
-244152982174757929.295999098
-395415738414.894834
-1003
87.1
9777701497268211957145.700404987
-1989699605696708146597396.3135181527
29976971820014335070879.0623815217
739265015246420424325.29645186424
5966450420535960210213.32891998766
8756886378.627
871747.686802
-1003
1003
9739628125705.765272
59882121256254930086197.2073880193
2506730920245092828235.47671495
-184304292917306780289982520778089.23678720992
495972466572870.17223274366
0
50672507.36292
91377028519611594082208.44729
7736942182772174286.263379449567
-27291302400153594302.27814705
77002120091.8
68281902915.97891253353
-51283101200779717320058431626234426076620522202195.55670010552
3567974631771867807736.339584
-1003
-1003
939103196773502926303965.51261
-409331797726323027.828
579605623356812771901.47
220569740140.87
831539047162884388505.76667541154
78058747511988403817359469259026547.23424319272
991105864357.41211045949
5106977753238637735513094.72099455172
2211206278161443080257205185014.17633180316856
156156414446.2136916
-7158844523726.040634
-8051686330554332.018919672061
177218889758.0565533721
3936907073499683.389517558751
-1013837681019.583660997322132
269043445989315971165710.959616008372
ERROR: Division by zero or other operation error in line 169
8071832719275617446
369012545634020811928134647933004.54413453660656
-63323559705858738016109872997130859209977.582780736
946298820945058344608.897793691376
4466853.721
73578037891213974374.055855768
353156174943994727230497.560491222871
1.5
130675121985.20685660904
88889753585238606543.3619
904219329143.9831877
ERROR: Division by zero or other operation error in line 181
8734778475902233610880048.42761565
-1003
123859704311012425.05967962258666108
-814456027936574859507545891630608114.5270652814
2507121936578205608742195663897244039452
6099538033422640712165072.522
0
2828.7041936447
-90020328707896178323056.15573234689
-864000182905820815605782.5981
73813692509.86414
486616280976993358259769475113730321534125695.4537812387464
3739831125980.5554830405
1003
-33438.56060417296
3785927916402540343296.1189283376
35706802694.157
79701566422759593463.565
-59229324449918820.4284402238
90004852455275.1487224626
725593765112079338441679.1548359
5.9
7533263090085541700419.061628282
0
401635059.7719619
8011156966939091960480.21894557022
12491.8039
429536779.9412445161
125247684190.306445
8676874042266649245128549.73362853868
1003
6025884766999733641771290514.920720788
-231067508.740110859
80197358.75856956
12914.18469983952
52382235522094124561102.22340032
0
2296664021915045606463816.78247499263
27850485082.3459489295
1459556476056134196526558.3972833912
4640380915.39
179099089744308139981.06862684897
-608604305754190966.897928
412950371579.64167181
1003
-28269488752134118678888096625939405698135889.1342848651
63445097868.391512
79320709834849267487630.0885533
-18880852662466149360106.33445336732
49397421545.06934
8.6
-124340619731521728031474615111157921692628528.21544
-2824220.515489907856
949951949198270027654597.4125033
4367835884548275.85318828
14740373137406.6284306482
7718321305427525207.76115917488
4170695564889596871926.224254
2000953.5090807197
-8282833428330671294810017104547990.270405
20194825365542146918.251142577
489117173896635533588246450418.8809228463160096
-233780068409643046779.913
-90772008.2724
313580040104145964229799.1591059692
1003
96348058367546096597726.010141215
2730055585351590.84
430381569590614.69510636105
1708689209536619401984676.58749511
7.6
-271931949779066259121.607736927712
-5843681578954328118
1003
1003
2187422318578432024564287.1814778
0
15763145003348738946667.67
0
-1003
-1003
-33749262582.157920924
-54086812974131040731275428150353209.774
-206.41679855551894
6350902819104552212747246.660764
89128894583.88537973002
7521071014008399009.0160636
967170804929359409.19614709098
152703070644751778762009159934796893163.6665816192
1.9
4968527016703928154587.9152706803
-433178120.59132983435
3763460185.49264039
895200515937.397923411
-540478328743013790225573.246871512
40451957782558167780906.7047135504
6999201237631774954215255.419375926754
794855872.941989
399103082753405065539.6712231004
-9790464260272113914236972392587685438575284.725276130484517
84112751431100.934521782
193583805830453879436225858626466.08678032
2235432715737754613874.3658687
-305708397231.030796048032
444910820384611228022.0404352
778689268556.1278073
-1003
12948494080.1133162
30114000197.508982847608
230384691281499646.6835644
1003
380425848628369533816.7275621998
-883.87048128658356
-1003
11934691599989077096620483502.59474
512.9
-1003
124161776.30192519444
308601452866260747223579.563
0
1003
9252212.523
400241359453.75051389
-710197767927765490866215306.807129920250782
47218600320327986.861063730875
7576664760852085296462.93911662
-410142.67932053
-6269577339899334060733723583806037239.5
10
-7952270126337006.9215272605
-3538569547255583767998863858440575661
9.2
-640856818545.077288189337
-7923777327865238213372044469197841895345237956824696.4682553972056
19771338675600260258653201.6529944
2366572240300823.2352105
6967926255257615032713158.9927878995
51191607.97461898
893933489140269631507.8008757574
96388.207415753711
0
345277050875506151396.8876873
23709947438910.163608667
64434471325822.029
377872621.350178385
6650577887309868.56984789
5856223415.17327760631
-10557197560646101800652877012599920.63107096
78619412745.822462842
18438599452460046678772.2429
1516734314050348267.16431330857
6566148146.02050342
-59657604203302407007157562113055847.8167144
976561280695521109531796.8811102449
ERROR: Division by zero or other operation error in line 336
-271207809417286.923002242238
998616736475797625703819.5490482
1.3
-1003
6859888731346792875.543218453
4821452888319088941617.550339
59594038935191.899141
5464776007967515799.1534335395
1366.53660465189
ERROR: Division by zero or other operation error in line 346
3916540182131535658705208.20872
1017589936946550134756205.3
0
444242359379947459099395.997802194988652
2393200919889275897093644.5862076399535
1172224050267595578.741878029
986058534984039066603.5851428
-464548760336.742629713203
0
4858692254376366457012995.458
21357021411180890439310.7512145439
1469074390648477392023.4407319718
1529184409002549.645954917149
1003
3.2
0
ERROR: Division by zero or other operation error in line 363
-63989042799666470.428168362
80055906002.90358
531602882525073.83784
-778070176990004171457897643215501.4922347021158
285410585916282252265300.787
610857860896.10580985836
14579725184070339741119.2337207217
43352865963.89416138
6622309.62671889488
9872236693228.81611924
90.3
3090855107391.5934208
0
1003
131589266.3940607099
2108782016811247555288480583254402770098.706
373983565239624378.40939866425
3255952976065231290722.32359861
-95.8173704
-58728270724885435724030.029904965
4271144.733813
40938092220276120303.7311567615
-1674740489.639857
-1003
364147499334127.33598384
-1003
93130013488953623603087.43086042304
-87715375199503.7983942
6497059445991452102039495.7136042716
-1003
90192271662346639962.19602050349
-212027302386040200922920.335823398985
6145857187850079522789429396062.7070713
ERROR: Division by zero or other operation error in line 397
82269667349573123299705.491462747168
659920775825563263156115.66698446
59330674584760944127518.2188566
158043046822693966308046034731761536236572161.1
29324268777224103.75639
4357167698288544799.4896037144
409523619253268688951.47809763821
-4830242494999.8688
2085475714528741199213124209845.39605456
-3987698941.500771341
1348236787545732203.00118923
0
-4700877751900322612248.8556951538
5474029.797924386711
446057074964077907638.681004069407
-30276672050428349.93206
1003
937354420095.8426665
9671548011516061084458.103533635
17783368261368259130096.636309
-446602.5525782872
55258290918918859215.311316
101
-24824125521573499.017034332316
518197922328334.524393
35415006012914727003.26025897823
954201552891281303931850765991909251516329.7211337608065
195472853216416839.037828
-544748904765878093163462.917085247785
1851583991137294616862875438111326050949.6445403271652
5985117426142274045123058.370819603
-907795.827
9751194798285.399106974435
921.082922
2644979.64128298
3400499154308.2874253
595898486.95257
-8026915466692072972244.87143314737
51796412.75419
9020129097015937584858.098728476814
29804255481.053764263932
1353026320739864318078177276163369077038.784
5.575
733427203886257.943901
8139719126022733613.202742
67785904115.0239416392
2239449493078457806.023065309
922673116671581369651582.364502815
1120154.1831912349069032
63010547.46082474088
-444059329804214909949255841581413228020073.61851740250649
344609577248774763079.728
86142662443677041108085.6546914799
0
-822910501.281585222
0
2956390921622222227508227203615115496014602.784
0
1.6
-1003
-3383460654904363962803869257228313848001.669063193175
9685819748846748222443.414098
-14945182795724377738939381.92439458
50971231660076752184044.73404337006
-1003
3465893646624.53536597471
1399043736890203205815540658040176561145779243769.8925326513772
0
900648550339435.49088975
505199508201773.735263595185
0
97762883636885025698183.42693765082
-774697780349316393493361.112126118146
1003
1003
270352976298677245273596.27349
1003
0
340669003976016170728570931178440067.569392941675995288
-6772785324264273.098108385735
625544805641883557269.54275508893
-772588256625725683.263458481798
0
-1825573333118725707475919015392034.479699568900931
8727.7166393
34095752883301067.00112329721
6055889649823.598
33725442253146133.280503372501
-16501652198429999215.628838278362347
2.1
-386231917256310492817976264236859666.4455687
-1003
60188311295.026775361675
5635916049210.4991189026
414391520098617068.8187109
428632666793.48214
79057199916179656809.7352
1.9
42772648839558480148876.47
42817839433138939.946453347732
751854535874540447166340134.3254213208
1107923729826893348649711.50675789683
1003
745466431972131949402.51935841
199934768701455.383753
5353038.131832787
-3012934042144546548211767048.4943094
47982149241542187.390945
2010309271467462291353246.0083
5463464749659130702995.18159588123
3292803087009685220941587.19872473
1003
2036309907991425833586565913641009656342298.09587891
661655650326574005735556.6922689
8.2
89004939217412.9393456
1003
-65356033190368900345.96
-1003
1003
-60929184902211344629.521648
8607109908.469896976553
649733484348891016.412270510269
-1003
-1651314686497649129974404544807922.8984074
1003
-2905665141343076832992.816087
-32735978300088745679895.1953357282899
837484104688801378781.81993415
2038297425506735423.16745533
118048.62241154366
7.1
901543.496201
54918078962724547984835086022246051091935113260045
-1646935677756645964509314.14252286993
-1003
-116512973207383736929762615.4663976071968174
101881801766622834906597.10017078135
0
13148217182037.6353306294
46791112477.28251
-3174083134536435975365317608791632026.5016
17191675145606032.29727740126
-1696897472257763020744539693718189346342.06595689506074
13145645722757863.403374
3713537889986.15923396
1003
570959447325.4599063754
-4155487313421543455.220032770631472
196848569138765133798462371295609938287.67357542800224
84166239566901721008969.99296347
544532567211951109530.1960176
177040710198507102.73454625244
2686309197082308.2766
69434481537.078904410038714
-518471462201483335401134.7792
0
-2558014924246111.67709895429
8223242043013.609
-6490009600166052195.75186363786
-1003
617236850448119909646765.724765913
7106708129594235003112.2687879
51.66078666
30125104116534619716
586899936079848788832922.59550977691
524916263177836069398291.3819305
6890214284507072707569290.55
-755462915891811673813.353266444677594452
-213015426561865.45418299126
348882992292.0646575162
53089511140816639.7621411
-8209579956041.87482783
-4220053935489541121857989112105189234968.5443572
2037080785872317209212.82165998864
ERROR: Division by zero or other operation error in line 573
527963049550052.621880583
1003
52967349686.253034
-1003
2177155367317421059467.54309
86652.3629213509
3621684709045.875818839379
703341918264295.912521271
4717087300901436689053477.01658238895
35541063531530239009.68921092131
12478313592620992960621.0179996
3887208988026091263.64368
8110700610877416.26051934366
0
61475401548315345085.21163819
89804300.7320129349
80199787604.44594
827566135555244481383237455728143692248967689.50666795
9811882107605908277066861.8506959858
0
2.308489059
52372162716272752322.152945084372
-121232188136127120575321605760622817125411238522.7788
4561964.6049
265945.28670661744
-5690665027807977936657358511959280259.301
7.5
1.8
600207.755475396416
853355262029487381358797.6183959613
355085451860019336868270453.8305606347845076
-83215218960806561017.9176532448
869732.46795
1003
1003
480834798157906.5193932
91815484559593635966.414142
87188662268.12139849955
1499883120605395101.45129933
8550848528467671685261.4696029878
377244376456184689158038.9732
-4771403445459566005201222.555465426908
-156297878093451772886127189065.84506198863
-5884653196004298006019540150018823566.1499211607982372
-62145565636498.8706873
-4914510967440692682872783978151142733459507282822.878626269092752
226825.82821
-38077597312175397466.9565156331
2694097413316.258729032
30593429518415146.493055
86492915324172016257990.789
ERROR: Division by zero or other operation error in line 625
0
1003
-2929540948404842304943366.7019948
1003
-806157.8782054705
5639248878073767615258507.40855106416
-820080570197435756.90491810578
-249057840755197787666407.0043383235
-81720031.0038644766892357467
-7958988519215121709333.629750520015
-1003
11884478803258816377.615765
0
55573607.5973055
5494667200967049352.23
376655214.6304070106
5138781906196927985.238166213623
-96391427628864317.454101959443
199069319631255.26412625185
9848682.64871
6951390077446033284691212564110682572.7171
2231793009154258112.49767097178
483968856069456848005.892667
-897088168.9277666
812692440675801216133.17
1003
-137810103208240.8851667
10042022622136756936121.9
41367503053484635159939432332.865869488475649536
748266422489390759339096.3349793808
-1003
450977817.156089342732
897642053346589.8876293184
8410566326246389.448115420323
716611843587226897.4938312
-1003
-9932008596.30433
7006420922597396637152039.30322323543
-4344090438070994111659.147416739
-53600891265719471974894658746844450.7549931759097
-86210985327279107717534.730375399
1003
7372629420661549895.13524
5961033302259001867665404789970691749213658.28112
-299645962530920309024.692
76798425013654822203235.259778397721
1879660693481011624053347.66564202244
-20260581979124668627415876057224895132866378.143883542
934019.91211557
7.6
5904394616151.71541668865
1113799575259517020925561459.0364
-727998887878650082226.1663258698
559073128211127.31614
7277505018809620112771.364019009
-189208052894813534.4
85924150745190894692299.37754
-798681769071564552394172.53712689
99172330862218976968850.855735
5062105313965979387375902549935373492884.03780623
74447725100512025905.041724488664
671234235778963394.66709557
0
-9651341.1534
ERROR: Division by zero or other operation error in line 690
9113760786.5806754683
70945655770020.070755258
-17911729233732276792525.76
494570394380403830686822.6430403592
-93310209153404938027.92095456076
-652539.31863116
25084578243688127686206607638413596174947.28952232567507744
8216879134818727080.45872573
2557463308.4029548306
30318849404473451508341.6400577
385209913980372048.276
1003
-67961444009819867083842.9112788
88261470645.513305320323
6983199778235593580433184814681755873.13218
6103070838481454334205177.06410809107
3595376089602492159596.6495558952
904099966907324435546610978.703226
-11017715190621106983.764
893781060158607209.32
1003
-235634637874628127438909.8691981679
52519515539271558704.9088
6950502860956564795.9318176
1023763870473.47947337
-458053721544591109369866675986998677874.558077151219722608
175068229627724520319.210798547783
-1058001496635894.07189802228
51672434262902008622236.88288457635
646413728112232148616325
2246245563683153573882554484098818972421703.09892581406
9325579093599084448210130.899394060734086852
770345598642503124207.7534104
10069448787.14111251376556
2001683026035566274155140059532774712876056.81753401
15745228.4884667406
1003
366135828113495084857739166531422191568215910.8668
-34992840716.5863204
93421666300901068304.29718593128
20.8
91904823653866858.96
0
0
1003
152492219114299952.156581795
-1003
-251297516803157.4853237582476
859414811096321126183.62762439607
1909743953394202993638.5482881
ERROR: Division by zero or other operation error in line 741
-30816571958648975992234324.5888
-1638162026501757155874.2677079059
847117897.353
-43330634138212229952314426627983592258.2213896
-1003
259028798262255573478.50577324018
-1003
-7684314530548757.78828601
5298485949204518294711.107498188738
1003
257834768519944467167.16255864
4058909338060.549305555522
-123473261523355623114336311023692000.7328
848339464263975707018125211.26213340812
-29490888562855932324946.811068009214001123
1002900998394471.67691
69274616078921374565796.0404796
5.2
586782190158622177.75023029
0
71155661340414411.9350507019
2.9447353228
-5096600308203437934145.64078823
2.1
92284450293644241628106.389595265
114092322571568424238.6578277788155102946
1003
263174120156610.7413
64831.63789362
-1438059668.966368
1003
96508714702340455441387671235478529624.58245942
-1003
-636450023696138759299644106696990139825.3766
484958518.980259198
ERROR: Division by zero or other operation error in line 777
230494841357075.833728756797
824500000015319581396808.74781224
29415176385900927751.97814
164427583789421437465.96447
1282.5292073749
416782859724674685043310500.095026
-177262570165864.498937
1783379155541713770982376439.630615045216
256713665270600735135237858753588966.8227342072
27.8
76089954.06633667374
ERROR: Division by zero or other operation error in line 789
163236540181445078784530.509613566106
51644859554125.3957880448
0
29613192290312087.03721
911083945615625918147972.71042
-2258025621974760440424147.65632765777
3449520769915283119786.57677334
1003
ERROR: Division by zero or other operation error in line 798
4101169408640855403145.92799793
805440474118915044.2479
-831740836799667.59648
0
2645415731309627814887607893.671836
1003
3966278282737.112381
1719662787945.93830615667
212094742560497625.48365670716
0
44942305537111438906184003792541956789.11955452
1905444962530605858889.6667524
64502.275336
5.6
35166.210017042
454617367541056828.146727854792
71616054337073667849304.531217033
684047057126505562.6566671571
0
48863880720857009943120794806158824780683615832471199.21
2.7
4998969202346076329.05169292042
815534830046168927.12665081
142245638.4422
79590670272647.10856464982
-1003
1803934565344416398022
603641459445503359535887215464.86467493047500386
6200461526546103399376.86140577793
0
1003
997751092893.4221203732
113295872144396341838541467121188889342.273536
5895556141033346507341.99436416
-1003
36237936655129.46922394071
0
37336872464241756.6888373303
272680805.92867
539844701107463298517787.1159294
1118572125137196664879324362361498767602.43043
-5935488117416507545214.2228567
702826253526.98
31655220112972973940843514028.688208988788764
93181934.6513701421
8095218586804394290089613.857839898556
4878716334624715880.6442002475
183069789995145498367817.4906694
-765517286421360256017402.754851393019
1003
5168584536981097.4053540062
589953120085903997871.856847
1003
94106979125.510082
3961.1313455478
-99011752820790785.8861876024
-1003
5769123778902825244.865591198669
0
135674750631.782502891391
21.4
-4102655747468.83709
-3510505379810249903303.021758
0
3106765168595456867675566549454943281.91915663880356
478438.26522548083
74258562614944216607.223110642
199441475376378256481404.41711039358
157496891787163685.3468213
4734151773454757494999.112575
1003
5754318865199363954253.7099031788
301306533239686351547876.64465923669
-9016658137434.20861021351
7646419623421936133117679.994984231
6747706085682864153034582.9200859
208466.8134007478
-6827608925366751.99906045475
2727337912244432186002.635383328
603461173417414655444.233559164529
743522172604.84448199
55511668297327022541.71212414124
-2103924051477058904048.5112557513
1581358476918913249171976539232222331533491340080331471.305955357
67861035797279859588206.2290349
-189209755398984939056975390745648.69736224
2767904379474513689275651789929641547247772951532.19716
-31458.5172764
-28251614159114806021.246705544724
303673.57967171
-1003
-77335370632300171955861.86
0
-7885807048697436.1
-3900234983391116.3828128
361685071057964.509271152
5888745343921.38292162
-4032258961699433545.234288372584651
-1558870717360648039371201391703044.66334920998
1003
0
2640479973453593242159174944003534459472.0589109
-1003
-891944618016369716206672451855315565.5083604649775002
-216552585598089.39256828
552271171822839539.670156
42788468671328.987
52769995294716091183679.00721
34637597805277889242.3368
-814104528876468900053541.5
394554794604623166217510058532907973409.239530618872
-6742188969189585712.7
-1003
0
1003
9366138.90492963957
40027625277343634.4801
3121483662199144592145515.18229659
97742278816343884776.875325449974
897367992621.7190952038
55039148.1109
1003
171120.815
4044281875288281420913927.7631583
26277650294250122915331.33388118333
26591438823252.39835844518
0
959308227814695395038.32221260547
691312486379659158252.6516
317790548998821211995023.8060218567
362984002231222312.846526447107
2.5
-121480192730826450495098.36687536
7370836207038036726091166.457785830073
-281154299052244.075515529
30192363999868301291770.059563
-515920742249.720479612
-1003
-151560020385086299.48
-2079516352141202882.5617145
37065379473826403763.280056462785
60530833601413405612.82309143
49091271714756259052567.28225
222860904157024621602.039103982488
0
41486709490157872599243322212110234499211018713.87
-174197537028827.022898074
159047303434793300135.6839331446
1003
44965775799404058491.41183
3256062953509601137.4258
3947626424263961132394543654516238.7015384
61310398688635993970.756776596
-72930961538577233440975.90839
0
-27654045395171804251365584391.64669399176
809664910600261293572665370.87243304936
6315566423905581869.649666811089
1117170912109.84602004594
1584167517567008256542.070138
-228596249116.440154
611756344060210913516.966317
110507734736945735046.9771290855
80323838071993965.3729863
3867851506688155716123.27548
22073639130.09456
1089301369017762.861399557
397139388952634.4
1003
7878669122349.32903652432
-972569641138220277727.85567382675
305435.12920497
-69079476680714369.73854
-5543057880776511531.89879
151533739001149357.075697481
1003
9718797892930907725838.835336120882
27595587209624695901159.41834310675
70766497064665.369109921949
-26295646063673964201831789961673296824600790319405.9921664206853
3229217050758.761714463186
5090677129056.55878731003115
2459332727956878339196038.07395630696
24335963441960954123123.723938690818
25701023528.341238781
-24095.90157504621
9305976188.032257
-83132925599796190124477.53435119395
73004023693589776705.5011446
7340594420067971.790710221
-244461933341389441391314118.32900115046
1980516.788215589
47903580070.15
134743859103041213.7441129
-4412328120679746062178380.2089836
-1003
173139076966544283611265926247364833.4932247299968742
ERROR: Division by zero or other operation error in line 996
ERROR: Division by zero or other operation error in line 997
2650565609805111430.7331494
-114070822891163934394342.78318263819
514715261241511176898007.217934462693862878
566151388185866.19781
-336327539271506578222690499632664753221723230
9522072019708428741806794.651295624
4.6
95569326594658234542985.8812786866
-1003
5034398818738776807916128.72717431997
10667517703.9942216
ERROR: Division by zero or other operation error in line 1009
52264802232729088460340854225633830152107.82538802
783138719201478060.3398
2606974025923730177251764764376.8712270368472512
10808612142493282858374.58391
16709046681998305851751.162691421281
0
1313650159.55
0
7197043437105572786.419474744
-1003
871619.295602808
ERROR: Division by zero or other operation error in line 1021
496701541877117285851091.351683201839
492071574293148546549719.521778
-487928404664781362905678.26285137888
26229991191485709.7997024629
1003
311821552030547190090202252618.68171888
775152807478630746032654.472436450618
56773782639821462363339.675919262417
75320699667.7971925282
326231319138.62940683
-1003
42829018320511213312.49896
18809756876661000388938736852.42537
1094332599363.9992752366
746317520713627.60389
18942340370433331877668.319367034
939318317893609.17798278
19177544736080005629176338.98539160334
5549749597207.48387793
ERROR: Division by zero or other operation error in line 1041
-52514346730500859310.2742
0
627659414.725382
1003
52961724727275943
4541057724103442264.33439323
87618157.62072056205
-123268702427649227548553070.2764829155302024
-1003
1003
1003
2199496992429944817488714601638326669.25328775729375733724
9407010951974775835.0133729
4762936758211158270368404.06113097
96523743162.99625
-611640140914.32158343763
45843423149452125457.4248929
-180300946192071232072378.818666
3313744715650371500752989.68
3919304201859052731248.19388876269
1003
3771666969735852022845.0338538
362103664333324908.071733408
-8239201029763017384905.744253073
6260472.384158
81861638123977033636338.9582242944
-9392887051616.659426
-24989508226.71408155411
-667563558427847952496.871006693648
3996966669748429362530615382212592424.746
51679104.1758275182
3761764079385.5117459093
30044264203.921054043388
-6636519369.19197
1003
768473236439.7459792
4800030756226382241890.49893997638
1032963347272742317351.1849389
-1022161309907866136.82965049463171311373
974612348510283487586.554
-6693177462.582616921
-5573144158341024.72812356835
1003
-662291218608851399843119186980313.18617816192
2.3
66261957616057093470.59006251833
0
1003
-9334280138759336057.455262
39410367580693289481.718467915
5959198126604349462059.862335573184
2316453833651141853280.770317056825
88515311186478063.454218545762
-492981.580881
482403016719.43644564816
2631407894324161913712755569986119681088.5523614088875
971521565290561312.4614423687
108533046649441427424973058258643617794975262.7284962052028
-735.3497247408
9816680965095092618223.00244154
-1003
95510889217347289849047.5195903206
-419852571528301583498.04428774461
846654277316.985324368392
40219621126053249025.998279501
19535754438846737398038969745.250121185703658625
-37111757691716494682741.9325
13375994798.385977790153
0
67837568176604.3500788442
102512137565896331830630.931457812
-606857815667369272825704368964161749.66
1003
ERROR: Division by zero or other operation error in line 1115
-4038423204134397198917552371705053007212171857.406124806996
891620223288375500.1049384364
-962675119976462698181.56419678968
75560391849745240.0642823661
143880153155952024105592.56141
3023329938612168.147012
5678895435.0423976
1003
20106095776655497735816.9357822422
1747296693451236518.97467006
-430338982596428375463102581900894.99058262158
7941566376.6486989397
415398214.35
745248337232576425655314817519441103649403611180.833536
2225766.59308
1003
0
54045705801831461.4294781704
5990.537784
0
-146500559500904794357378938.331328417
1425990315921264020262910.4342549
3486898235012810770.6903384713
-153153036419996056780449.60924848
-399730550279369163277339259879472272.074127955564791
2771103401172.999867153085
-549021667406.488402155732
-1003
58298772449.474984746038
5.7
421499970320441.7433442106
0
591095256035622589759.16219871249
1003
4951384403866344134.641055
3527397674881391420375685.12157051
816963625531485976210878.26906349122113352
276.7
4770287727.205500956526
1003
1003
-853299983918939.059666187
1003
-6052202546810531.628201131519
768982397327229375.96355500468
180673718383.75668
999246907380143.2043740188
-12578570631631835485359958408401747.39522
1540531526673605644916061296992238536363777962136.088008322882
-1003
ERROR: Division by zero or other operation error in line 1166
-3182750864876390259692.598449066
9.1
262315394281807969071772.761920828062
23644249363190.32
1003
1003
174.7
-445489102439687188.28061432
-891303718789.83594377
0
ERROR: Division by zero or other operation error in line 1177
29268900986063086014672.7291417
-459482245248816431.341765462323
57464550293022.02846412
-27306952763256046567142683213757.83795264
-56333999485320902635.89
13961.088631
21005408778050806403.790828
1003
531.6
194737589366944824593876185149719596248794.693924496129609
-1003
507992304493.26061588917
294014696136077362.353335
-1003
-9852796.3585763306
651765696.646
-7416450863618939729.1313759
16654497606211210284.17806668
71721846374044.6
15870014626292091.8254570026
45796262.609859909929
578731784431044102197666551400
67043315410067626764350.93330042
106.5
15889259600041397677303330890723210108.294144811005
8143294407849849.01825
-21590596252398311.838788582
31928554441906386.44644459
4278449195437.79534
5567677195853291028813265.7151030344
-582597568438546206.480616332
-3072162256816.84676436292
595796642641222.5238
55386791155307540475.61412245
-91199428178389622602771.433948285793
3226940539672757844454.1465
33719646652408716309967978.006
8244364578733.9823432651
-897120958612.71371
6797359263735868.080616
86365564736.155942936
3600328108845875.493596408
803868119262085078386.014716
3071134609096993.9594
1690051054397430568.59959
1003
-773507895892927.764612615902
8.1
200279458499468605283.24236927
0
896107003609661324822.558930428283
118961649526959275071.3285307276
38337309356941.44470066081847
183350649186982.4131284
7093141733612393297628210.0882352148
-1460653493096663532871368.0391642561
11015357248.207405187
53104844582702.10463098
-1306310214114635342436585.188251218492
1534864010425330274050563.004598
5548525086936485.25363937408
2.3
-463314348833273988380001230589272334.80407997294881
4174.574082068076
0
1493795829157711537.971492075682
0
0
-63005692014888790.40416423529
-1772441855005259.54409
748.07488244058
2701967977567532021811182878153473370230897901220006
-1859354672399435.88973
-15803935463.04679366
7637239000443288.7836
50836720515275459794.5060946
20749148764272929.16707598839
-993212526454.7413154
-531671880950212520.99653444565
1272783311999432.009765
323984742256608397917541.870550167
9951394.531962335
37038161535714507436.27571891182
355985088045184191285175781243800314213337843570.22756
708823235113952678.457762582
62991241176467542369605.058651470706
1607583391698551880911053221941861.835186
59378705589784014740086.3375944158
53856340929923804941466.963388
-26103576235010490742882936061216046227402.931736
717403117.6781
699715418016831843026598915594196463171629556255.79258223104
290557918363.9709
ERROR: Division by zero or other operation error in line 1271
6848363917014222232936.8822335
347890622015137535241.91789
423370189.1337844
852966444415720804249423.77636051122
1003
-750490443123005322.128497274915
-13946170167932938646833470.0161
2221099680637561420672.0056888
535880901237479293702.77993264889
ERROR: Division by zero or other operation error in line 1281
0
5711450.79052
48695032339687962600.70715238
0
697417981157007222971.230043144
393795367857481760102033.0108985654
498894132109720217045184.5501
94797327951223997.57818581317
-51034120003.6
7680789973189.66216385
29561097344689655296998061.231971836
-87941960.4873421298
9109509619103384.63745548005
10123931.026378
ERROR: Division by zero or other operation error in line 1296
55903103827361860145933005449913102029695204816961754.483056
-335998968.5705382012
3769267.94733637
78974095287134838.281806639
-19079255904996249318.971927
44556425108135253011133905135434.01283164985759144
586099585189918816416904015722314562
-1003
28269718702426747262.7
-63602847420505326376967860789844735415323.6104771428
219918054869451.78712552048
4601578755
-173900496309667447426067.4991047879
431812345432072937809221.008
911120611.6764705
9905730109562972443887.630793036
-7680.731008702
564385993736533.55431377482
806734995973145229666490.16601288
61609028592600201106.14272501868
33987194232067.36481165947
5937838453936767926052.144
4397370308938.43381968
811107.13129
989390316964683691.784809763509
265608803457531281510323.95496963
-6489925571771490.6045608
138562202198684295730253.223213
76573975447931141665702.56442
1.4
0
-45671331030674828208487454144632104790473198625729.22133764064
3205136561523799786.17347
4899950748.44047075022349
-2434382501119684747258626.928349430586
89965466514894093805332.5600223024
1003
435556385977020513.13929353
0
95159.4326885
100590540452420052835742.01246664
20787273115066264630974898643535.007528418115
4070311006753931849879241468434506880435312.93993467501264
184107556719396887950908.63787858
506071227688628579837071.806971621
1003
-566766749134861.409240165
6591876925746783714901053507712.87431804990282
9470010192741354413827.51723
-148403232694569182.58886072001
33245397848.291061
3408856777.599001870334
162250177591748909239.36043908271
8363261175181999503.21063
-16155405.1707155302
30432812042080.127459227908
0
83111285342883396.27775
281563268685423.1271141387
961490230925615322720393.647487902
ERROR: Division by zero or other operation error in line 1357
-1003
59993642684753284108.1424
47191275938812709147.2206591
270052291845749660881902.26005156696
54539681854422393.4539019318993059
70077571555623947645.91457798769
9213568347713038408744.1369573
0
744632056.7287
10964614699569249.01668586778
426474141240.4375976721
8851385445770297087.6604851
402517919695170832557986.6
3447996089093013720.6704477188
-378005608871.842195025901
-329694457945361219.61618
-403585284922820582656874893878.9294898937
ERROR: Division by zero or other operation error in line 1375
-5874870566230056094465.65473162
-760976704649759414876.796199097989
609822104729629782847.968061914
47542439040857357643233.608764126
9361006332.607
78086209587198179622.1912406
-685619212765330963523868148874.995100184
21946157903987577767438.80104626399544
10273008696610167.190699
412734422.5045823827
62853004557870279439052.597742312835
6779082715666.226073992
-6660207373.974049692209
9.1
-20952253844238451493.92855162187
2149592002462209701173535789436250.1846764300057344
63926372884440266720656.30845490877
341164342411475518.11684603943
471812025622796269029.78644
3542410968034003448359106.49373
87405023379339703.68898
62216085463012258.6174278324
918325391640.356000113181
137060641310457.12265
-4465946453959720214811208230370154.837459526
-171697736568225473.22479753
8.3
91737531464.2108494
483954345613823278.05887049115
154982537859514596.780664
90169509893099871201.67929404
ERROR: Division by zero or other operation error in line 1407
101257383646.4679
-5242339750.787535876704
9590964589270933.217735073
-8492818746979180019577751.45479359677
70813922027818541969176.9444
-131436381995261.052912
834147.2907938
680783613407428680.57203078
426333816968029579577319
16073757038318460192.13983438758
17762107292049616228827830675120567884942080491.0643432796656
88610313103232924690.6661347326
39924423506878606.396057182
-127819203904806050290503420657388434962969412133.9695
ERROR: Division by zero or other operation error in line 1422
0
80.5
78719.11996995
49023308550660713810.808790279597
9821884968061282094.12
17978183459347.1340360581013472
53070237135025316.95165707942
-68891150037164955418.7834245658
932670116780108538719262.23747979553
0
ERROR: Division by zero or other operation error in line 1433
16250231183431696331.37483204
32099416462142519975395.735015947
2801597401009886749411704.7452765266
2204242537643566.5399094
-773486423.901680965806
1.6
-2077380243877.087187877431842
-38682.273868138
-335730182608308508470579088739626
-56494.8892141
829806990162720465375560.641708046
1185943095986956655954351987662915.9
1003
7504904283.608678
81592591324162340038247.4341364143
787447017321746293572993.227059433
-1003
-5864803878050941902.42185
899380470130376049229.80459772675
528601767873880117350098.3244897681
-1003
73259423289463385.175
-1003
7393906106418957986494.25310216346
858638040442612304.06354853961
387713042416603973.779642771
1003
235030587210552473273530.21883378667
-1003
1003
-86154163009755.492
ERROR: Division by zero or other operation error in line 1465
468220153068.854672
305061497310324193.891217
1003
-7050791815908850.83453142698
4936939499568441.518
0
961434103697205881.8932460953
164144235672800532.0154278207
-806640289030644546925785875657263861.91
658225087530095980.0448
381995794411.93170829719975132767
41576007308947479707525.89373461484
274969.08385
96453868450593176515.7
64871577.084897372
316
9266476142604.30354
-18384443870817018350804.384399
-44010023812813099.531347260546171136
439491743569237879825282490898046638.263480937
211361504.234474983523
8942921018107955.54165515289
23950401610249865149871460283500436228454351951.681202642872101908
-400907192622.18916892085
7979568633650844.92281523
ERROR: Division by zero or other operation error in line 1491
514905717531050.329686055629
149295146049624895.0120287943
65330889818647526902.0263635
-2913146444684385889852.2646372288355
-4768185570905958109338939.0944742886584081
-1003
54.5609805226
-390.7319425613
7966630988514088242706.717360968
-26398266380446678.793687122
2384127179702297480574.55273719932865156
8550823828784410481265369.271030814019
461651492902002846908478999007021357.472069118041
5766009796161699310958.3555
-5454123902788883554976345.0381464891
49049760.45689156238
64198281794815.30326487
73505830536553443607734.0484757389
-216976905747571709376.023702794
23376013542025243323367753092213824945923838.5009982566
-220265584099641836759578090.9246947803939
-5391588399.267058115
-1009913475043688749039641.98730603513
1003
-1783931986889087532.0560557384
5410104279749354930129758.969913341
-3580892712787626503647.3185318
30074370295711795429192162462483.03344556096
-2367607360433.51877
0
531119822523195928.904223722002
-1003
-180752968032.67130302986
334453856545.7123
41456253030121008.2734865797
-5647648823519656396037769078307580.47052211
555877109824658233.99
804406537173312516723578747980036983776.3791544128924
0
1272327159561239958978631.30975432
0
-8011209057206454533235.3166
-223216056227931704839631780361419.0376677063222037
9544184366107386837836.1113220288
95522625385700539.83
0
22910297825897305803306.63842968524
218698142185929299621.4600486
-58192660812401223025982.60953791
1003
501.2
7589412352.424060116
-67136187749789549645778.99515
4567986027905285383100720.5164814
943129987107866323932.101933538
-127061592738742853275072
-23515936472136915367871781.08389932336
4933833876883834.739399447
6862673732903658267992.433418417
1003
-4410958503425711535490.402416
367323915.75181453027
-1003
436737680882.470068873031
-72342705678529.6
-2488511522728588493496194491899852000259597235861.76824576512
85960132540542101764084.4171575621
164072851577380360233.48062939
-573184111132500032972004475.6995602465376
487270755.3359186854
3779251357153353.01401738
555167371.76663
646788488054464224764248.8082
886020392214143337.495695578931
4506115993700149669066.5770386032305
-722600257570233127345252106494245046108129.716892
2481964240436545219415030.659182684
5617156369099508932.42095758145
86640473495.6392223
9757446544826377328.2
-1003
2182818958296.084966
1003
99087625905338384384.772
-1003
0
79583218920242267781001.957077271
8874551.020426201052
-4077777056095430404361.77221704312
9107526752607561181794571220220279.2
853424539.868419528185
0
467706597448030.8936
-94610147379364454144.96367726948569034
6542341580449.4078869
1776686016652572884479428759162116289253467.735190798038
-33834749311759898549183197930533135026.16909675
2818187139441566708709141.363568019
5737074.481289
-35975109534602163967750068694453796856207427706.52928529
8268850556292591941266299.27040189
0
1.7
7536614501818785007.21994
201
79910674231873553805300970378967250164006990240258.0304823452
0
4493641021087.20870235
8
25114551293913044873.898484160461
-353205935.71
310185580.834198
6.7
950450566937540242869.3418057
-1003
-8180513722656738244618019.74004268588
-46653.13197176142
50537735158467389428.798799934294
82778942004393073.60862365051
0
164005844512827294222325.866889791
0
0
1003
0
-1003
10.3
-3851529962414465529.8514802
-1003
26515471657693989321.559636321234
8426088067876256285.9647
3705925018872069657694.78871308388
181014780118609924526310264841545
64803672.352095487641
76118627157445554.01483667
5250743820390646443013488.67043385752
473965273032874132659.1739858347
37570594474101010113.56911
734163894484631766882.4973504
829143804984403792981.97992
74529862435069308562227.80392
-1960420168878459761428758.8647526125
134281395417332726410403705167052700654636.737134532
27936401.94406539
4
1.9
-416077956203396622469764727.999205686
84908434038608037153077956740992128350683815380038823.88314
8657290136519986898.5767692882
1216351721242102986949685501401580738359.4616959835098016
-1003
48454499.1636219445
607398485505068141525524.808127928
134325070711153394932810.9300522144
62218904242836929532207.43152155382616
0
32709557720053698584861.538
ERROR: Division by zero or other operation error in line 1649
3606082382046565.49421572912
-1003
-1003
480212456.721425683
4342708675229660911156850.9534726
7816795320157.44917342424
3847201533903526288344.441619452651
834031277219861572.543917652
450697828733078.04294299212
-5941995735855511.55451461665
0
-1003
5776565907055494343731.7156922099
962403871.79768
-52170257402955009003932027099521.84678995299442989
51869340.67743323363556
570407146290521786603.9347996094
-3062423.8514384
-1491067.2543183282
13565649745132.506401882
-2029767248677824898365468423064346784407728382729.497592763081
8043.6987319
9083366158029159944021642.6358897695
-39318038894534950.9052445
5021698068135633037423.547269
25314293.24782613751
-14037293396959215076992388.39694051
5009030091004275.95238229088
ERROR: Division by zero or other operation error in line 1678
6610078450870760235499.991938735
200507020927964432.4246525354
77406873544534478043.0252842912
9097453389093578939040026.160172364
152485989567871.5
98.1
678762330581753599927.754603080843
21035898401837967729.88495626086203
-1003
-77513.4147315
66533113871360479.26154872
63153136361.4
2721314519515109226857.4
931472758156178440484.4192813576
ERROR: Division by zero or other operation error in line 1693
-4130758.131103
-3845623506063365493870543826594618263.1928556
-6186163863941345662042.63741208448
ERROR: Division by zero or other operation error in line 1697
6965591286772131642147.452958584777
394690217738279939122.132077
36844677738899.1750305543
96458932061097976961025.232998935
5321194711155853.788
54471899004135708.9533685
1003
117821332641188234259995376.85599132
53226495706358132647629.02861
72475551906.976639
29857.6524703
-146369206768766289277218.7458676
-2305763514794336.986844738
966849272169568348975599.3460205555
ERROR: Division by zero or other operation error in line 1712
-627287603248665470.20366864277
-478192701912831663541655.0101795670681361696
0
2168371030737276888397.687482465
11190374404592741.597825716
-5239715662556959688992.648782722081
1003
56767810300.837739346262
46725027617391526442.2381839332
62329568897427819787.025915352
8418.4692135
6223036676802540818.7435978
88537.8729
159142373286586384949.09636236816
1695422310125.2
0
-1003
-2533278381464210980002438027.353728479
773794871485524521034.841533989068
-20975225042727808209600538606094695329869909.229724
1003
1003
9162599869386834784739228.67917
-29311589852043779455917819233.774
378735540423170628567.3299095004
-1003
142947025746395440945874735532.41877
0
48185578014.86
-1003
2864841214738310.372257082
ERROR: Division by zero or other operation error in line 1744
818074922396652857892.370255563481
9209376.4913482
1024076378175923.33705690646
846114966177113234288622.499944659
20621477387224946245352492.11533283
1191854232486.200629877805
23352949575975.31347195
-36247193916527730872408.67652207778
-369658271169.8666
-158607125001465.4689413
451480619494375173167440487349749.7679694
953139185223.623973
-1003
-645192396650492151149975.63531
464194969182749409103.56433575979890967
58616280971631.7411680698
36902286666765055627824015941339.7269577564072
27618989878776775143326.79420722434
4770917705300733970323861020919708815754.1147594
4290044171.8706514011
865152963793428751801326.233922
-1522392394.012888519947
-12733139593167915.85228
3459723316048662177.9179969301
2408877952550971505380710.4056417
11.6
62151734660689924715554.88
6030795825466829868.7839075163
0
17232472829.540017888
9485296879118736741278.36639953
902540025500.8953682528
692085151131287508.874752563372
178175690091211486799.28751
ERROR: Division by zero or other operation error in line 1779
-248833607776.462184
9515827445150556923407.3987
0
1003
-2595431481605890854101.1219
8417333591502215690207492.16549806157
0
79030402149068903273861.8966
-23024925461221.38490586512945
39011386047944.51046170559
-74202.3472908040384822384
294475674448392662285431647058712189014.4
1177446083486491750788416.954
0
802489149923.915843456
487023699376.398
-1003
-13102623705067483212.254655416
-76320320092174710883925825.91
889940539103716992139.469921064
215431670141042526673.180418
125016129496764.7561
35104946173054003276389.036385835
1003
-9988901548590777119668789.552504908391
0
80420977663096940.194
ERROR: Division by zero or other operation error in line 1807
9618382559143211719713.518208085936
5010471831277376724282828.4599532176
9288283.80419171611
-1003
399767139455824801137.2738350638
0
951799428123559072.01394441
124938712.99204367
1003
35280155294481.7423456
453879390669748.94828508138
7866434834919299947878527956560549764811364362
1003
1003
583.755
22065122461.47317384532
362836201077505276.189589045
-165626832989009054713985187085.15089634928
-48231447599085465225610594885195751541171.50691
437851167245893.708012119252266575
886786622.685
1003
1.7
ERROR: Division by zero or other operation error in line 1831
415391482372.61
1081067097121256752.847384395
-240046409540184.80829737096
104269112073.68010936
57.9387959638
1003
0
858639105205113126.046161438212
164785749.45931748
ERROR: Division by zero or other operation error in line 1841
-29644.8852499269
39367493200898.489
0
-71361564366.0811618841
-27174749.55405744
-266025347788194024827038549698640329609011518843.70030413423672
93159671102290176306.56902
-32506348373230146469547.09542157
563822721131776.4042926
740216861346120738.10018387
20263349227770859315.2389774
16950.46
26234183.276322459
4313863472050853306.237882956
30753136859314731.8938554701
579135113505357228850647.5780978302
1003
-82747932122171198145539.33005
1003
769324274.70399630667
-38350419757048049.4079755
0
0
-1003
206518017046226567701872.8686337526
553805851557311.23
0
-121333578473990684.363651824
7739031697281885918.6756623
779576.99699648938
-738074831969438067703122478962051378414481838.7444717109
421160256424732600.539915659906
-4402448.445577947
-1003
476182593088337247.1026306
2830671985546018.0069431236
527857122516650669658930.2
770537749369.356702778407
0
-7139431119739846047.392022709486734
-450257122918035102.0737903
21556529278136102068.325958426914
ERROR: Division by zero or other operation error in line 1884
56595112033910720982.6416
9819875997322927809923667.390967
6736801192377698276366032.51689744
1.9
352405024.026981724
28591021251.697549726
-457965640027538.4
613003302451402.883
-31685550307.49944346
3488614494211105678079076907592600535113476397.85
531735058319971791030.44588
1464202973555731770706.9439005941
2155822185.517192079
627231091114.382605
8957571869725006973658123.137849316
0
5164732983114491924181915892412546618.3829123945942656
137781939255471807542780.4
4789562296649594256627.85952404997
-413916817782180766274947496377802004565907.18
-8318367528620274.492863270289
41126522649782006762019.0892796
7215958418397487.4134476094
-1003
-355506213868569889010160179297180898579.3103394120193
16952307.720688059
8906085481867460481.929753171
1664728364150860
339988230538787917111322070711810290254.2784033
446844.1339359
85139207243561508794228456856258687468.5971
1003
-1003
597165.28
131171107422911784101.0793587
1003
77939927836021490557820.994805
1003
5226631543099034913156125.693963
12010005921223495120.7927490659
7404751509713674938.226925203681
638590673963428990831.504922249905
1762760.08438816
265218302701929077018064.1755098
86475833566387331499.7632873137
872753866890731365.08124346
393642341635.351805896232
51668024870757758040526.4710848
-88088874339567827613817978893059793.013738661632
957693473791.436213
72549969507256727343723905.1108
0
37045348307033114303.986787442284
1003
-174413100713606554603715095522816481303327.7722254904711
833229124895587701646815.13965892411
4245352791039254449.19978047262
0
-85646983633290.1296
665818981061018681.934164
-17211264002214223987275275684.943861
-687504770740404967131143470889188213.60162876205
3719264153392896.909648779234
396571599357666.2443435
35954441231207785697.02166
-5102547179899488566949065.168455
5100520390688221.34844119048
4998791953675665811647556.600568905
0
-7184704688892287958534105.98936
-81733384859188440.1124949
35617654437424.1319
397739214957049829145152628348399694.2707236582
54079043893531732461501.88209
-55945681508951468071185.633023
-2042946993999800390132554.85472703
6911657205803222090983.338529925
-364631148050954545.6051074392
243536822319677938.878634409537
404.7
30007049294366710367.15191
49225014257627092820526.816649690895
533339521117908075901239.37366
45185236100579.07402861363
7271125813023670.41643962
32589373955523.3682044377
123742288142755986111143868939664797646690830.895032
1003
306436110368.728732
-257340729699947048970077089638573.7305188727
334.43611685303
4265640758262.838312369538
0
470695118196064226079570.328853785
644029195650584869140.283560229351
34538928508890357887892781739.1662
444650320127707184.9
-22437770150062584803.8
1003
3060687213757044691850594811609479.958
-41298999384.974654853
1003
4909844361693283014510901537734189.669982752
-334260490340915487987520.5913270686
512009282066784984400.177568067
9603113617706062549808145.77409
-1003
15302146511040631652.55400946
0
5575066295571.386554127328
-1003
7547930161054799.63
50388436603934971365.2768297
1101405222656955827.66413626805023411
907852548242183854540281.4454
9703022370042624807888.834927712703
12551309965.86
-418559670716944.64081169686
4893544071107298451238.2782575317
82633080480895221.580460729293
18893025837909012158.238176744227
0
343821462085935.4392
1003
123116702337222918881478.81729685306308273
1433315696401014075.334874612
509034475355499645.6829292226
-1003
8737867893892503654582.6974591109
-361157749065098712288548.226716494309
1536504568954484468.61278248
712498085040.470917680071
562127601662768086657444.24888995727
8.1
-1370999302252399066146838680397351658266502.021655
0
1003
0
4471565679.89545
23.6
70885732798.7813350038
16117360496558309761400226801313415701515.3257320996
2185802023145207863183.7261985
19930672229732752569
-479213168226128.571881065639
16994636262355352419346.14430186587
1142647106801771708.707
-441083836900666.155959960605
11.873102420984
1003
9991263924.414550973
78895472954664277999260335.975315808705028
0
8005140546835651922.852922395359
-1238452028962249647847336736072905.006732986
995837085407719095078.201006
0
111546175808608099005.013249519
0
64136443299424516210080
56334889297446635.6589913
-73644952.63679
-27586662657043883520406.44
131.9
7.4
1.8
8070479185522603.9176238016
40435657187883618088240.621634844309
362905291876830633188.239045079645
17245769318466816384740297931743242636011584083787252.7743568
901051184264102205835949.880835262738
-8638821458503043562869202.982780278
55697918143369757554599.34099002
21818293883.740539459228
172831817738907.0809841857
8.4
-357025169003568453.68422923
1003
339278841768503872.713958
-118225067309.1975288
7870.24725
828270208369910795.586008911645
538165540106240339
452428169452028.42724
4807718466886901575816571.313311645
-2651470183991691517081415.384522478778699
3681931881540876502971268.54505142
48402158792056116395829435397194452947.362774
940511.751518154666
0
650791975.43596752
304085.83077603
321883458192048770678190.84640858887
-8631898402571770320468236290289594762334556757969.75502
0
344622016566339254375595.579751618
ERROR: Division by zero or other operation error in line 2081
8590825567747233353639912.951
59007344441079820.3882
96125904729241121963098.4089726561
5657683895986828.5077841
451859011677938568006800.045665978185
-2281528.2040451310581424
0
16.6
81515474691170859.61916516
-1003
483569997125203244524.9126719252
8379640078812067679133.2659461902
33228058837747581462138.501115258
876004908240433070469298.84272080591
21033414586728205752.925363265
9344.9736
-7366904938137310067536.7478262
504393419002692434.66808727683
24130761585814882440.853417678
7953489825.254629148
89073710094388221138.7582333
91139.6742268
647.53741711011
11469760589939604432880621448988003585099162401.8563315474
0
23457973754954221773702.106211
8462268975311523960625.79227
1003
28769208283230895231629.81445816
95921686739881024.347544072
-9186794184336875172242786.021246
12.5
-3776745205544806715862391809512.4
259939574424705
186843393355.1133753
8491431870911308680179938.22240642
802842882484.839248542
32024590689.64708246
50668994253283634534773.60716179214
1.477596455126
1003
22314234129.07495962467
3362216901.685661128
17.9
40206822053845191763.8575232
9207872515969220.50679607778
391289573799784649911975825.43370524424
-8538929918753952102805.1312206898
8629.571815825387
3291969426253571882286552997608350290395.8240162164458509
8678823674575939316766448.712547817
2979797245032052382009496.491016906433
688857304966454229499051.27307028
61.3
718053942548216804499.91
-96525326914.911647664967
8.4
0
82641493552861667866.69435328556
9506395748020148.761166286609
73251448820991.9415294
412684134506962864.27198693
109701805638587.5507531
43432603222703703.34417283
398020035416267.51596
-30.64702360796
123735009999248859981832.2923333037
60225931206.4712057
-1003
30673666886653091703.100593257244
0
ERROR: Division by zero or other operation error in line 2153
-492496241023099.15628
60582405546507206.2746968416
24826850807177977627551712.6643704234081
-25557284548331378136437381976486969.17968293372367
42471495725033346458683503598313667655650074293.582205496
385137057.868942
419616959414797945.881155986
21685910214580754708692125877620986442430.842
3124408456643710691140.79603
549.622
17462398161449553895940450.46602746338
503898990027395661.616804
64192327445254227083.7695385
59844060204587385636.092116379
4125243142230250.8949894617
53967705473.7818
655119.512305183418
296429586167211702544927.01258
-9937707477281585.04707956
98089239736528435190.0682
22199014085670142781748820669.38852
-1788523429168311195635232483119936.09289159531079916
290144.81640989103
236684468661928688.028
-17071634854662261427373.919445852584
137526968575391690896.88521
508912059944760.88012256208
619723725779155769623638372290161448.554910524688
-1003
1963.715675665055
6759283215395155233793.02797272213
3736295949137544518027986368912904.361306078886
49942.9463855167754
-1003
-665126944876808358273.589026012854
97489557055885857.182690287
9707915.26
280168191293828.859433313
3269156949060827804.96915
-23738919964068906475.6621533
68984529716956.14399925706
974159492543245137154.7802
-100131857533922858169.77717585053
47092270398705179761266.4467450677127
12495613336.11155
-83203497886340833468.72892512452
726839486857.18815064741
0
-2753372777397479.557563884884404
-94158953462360316.5436768803
0
4773813309831451853713514.28742565686
-92159007132045798819142.2634928
0
ERROR: Division by zero or other operation error in line 2208
ERROR: Division by zero or other operation error in line 2209
1003
35164.3561757
12621375159741617424672.2982456703605
700478912145326568134.208421973231
1003
73899968728449862.6964
ERROR: Division by zero or other operation error in line 2216
0
975367.615035676
-106998594922365990265.9978212630842695
-8089137652111606.142817852284
-46679221814028544875514037006497630.820634585
5576908984283.529245256
4932913695162948.51
9250853283492969215844590.35311
71130770401301637835800286172392529760301.64151603449
-932436749216946748.003
6545625643229.2382547
-1003
355137023604799887.8802643
14360886961435744.08525536838
44759158666.839859017
0
879534109891107843736.131375
-5065476512674974050960.30947606423
-456708604148081105611.0825559895
-230597618015513341231503377747.6738
1506022803271653942.23955142811
6.5
4945354614025.862882519
129686.3228889696
144206734470490858940353956619420986646.565964658785444
5273449799251973648704.2476931
-56311512430236730886556.9397334427
611165751.50607797
172153718969948687500232.388504
4023570294910512425.85393
-131033236883314558903.5796230402
11964335591.50211182
8251786376731425652196646.922777
-21588819652707537102869973.22824654
4.6
ERROR: Division by zero or other operation error in line 2252
6502296120182945563412506.631001935
2138930878074280.6810390339
1003
25729544973435542516762769188970.388941855344
31876632669.150865
745381299577584882268.5773641
-1003
ERROR: Division by zero or other operation error in line 2260
2429503369368433.4038
42846204408941195.339508
ERROR: Division by zero or other operation error in line 2263
16274955.7059775189
857039878271395276050.109377424
45458466568881273748917.31391
4664676997073088771.36
17
ERROR: Division by zero or other operation error in line 2269
ERROR: Division by zero or other operation error in line 2270
26451310.167
1910822066.7975445
-2901227046.50095372423
0
69114733804336.5537394852
-283053553811583530.848410333712
-1003
ERROR: Division by zero or other operation error in line 2278
316.4
4822311649133424649.320292690749
28026693.91201195
799268165082564817424018791498660.55840635238
148878986297753.6704462574
280339730586717487610.003495231
117663011445153.9736
107652501268185339627.775152
941936173860.460781807
1337982324206902600143.584962218
3145472639834974590394685167340521415187.6138705
10
-70960184336203696.21177
105957942833792562457219000656704821395.878419248
1003
8314205.8520235359
1003
6606699260553714828429.570395587
33578457205.92507
-27768729047743.2608784138
3697323159906313497902192025065281.198617296
614533433.8566714131
90855420563569179430.49350617723
55271120982.28098852313
87507373459316608005502200407716508.77086
1000
4240629514094566459208996639246313170443695.8419348540368558512
699682243121255887716435.562335082675
4399761368692312006294842720367162291485283134699301.44
-1003
401322857620542.7678
0
516943762399531936975.45240553117
223781.172888
16549791055363242.208132
7880316119415.5839800881
912130088238469908663965.38078
1003
311700524596090127170.0568478801
78911760.4912830063
3145544722628490263603965.034
-15180844911500100868749118115298468.65
1301786480120879278.176
-4845.511
560237265663.399
-1440659109116538981823756686.16
-118358.939142652
52351802642149285361187.7927969
759181980528390530672878.038840167769
886739723253023.6899
4984257507767170149817.19554807138
447817704727649643397
45378018906.482946
2185811006999636704039.966209416
713662808122682092039
620777.6302834
21997346231751655330704.894439484447
-3890817460975629283046197468367.74301072057319
25178941819375.695494659205
580369575628898.481485931
-1003
5433333408519793654.5
18.2
4711672625898199765914048633374106581.033883358429381
3575275350067016683806536.0585632487
93331679266403075039.906408106
-10333170604122579345111173.364176796387
2366783784216.791758
88162667137608.977336
96851276529779.62828
595647998459421237099252.723055058
-6757351302.989
-3705328337187091583862082202825734841.24847993027997584
12976706440930581.141491
ERROR: Division by zero or other operation error in line 2353
5.7
-1003
79217793720005724356.769587
-1003
-222124400470119264.073
69934857372139872501.87587509802
26107637573694571684986050032005780678.9592179
-432209434765079613583438781464313.0673656
-35112151960390669476.5111681965549
-441468317751538643964039365994336.26793521877913891
47405086360393332388732.953
5566061131349778475190097509.3023519272
5613426.6513495
7.2
7395198137335.87995286164
2023200.73137
994538974212888768.5343692
-1003
267609692055149152434.8376
-583344135473.4767964925543
46381401.223051473922
-1272571225.6704356
1003
70330948709293531.62
145
7271060356149549.3151
-1003
166747719822628.466577461451
92746532155.6904241658
219712281011391329113028.81488983946
-7906744716392823414405.1985498
680005894790086863991958.0458289943
-6780927.1341970401
750863788790712848796.430098
66770051844614229.91701
1.9
2704840841854.22595513305
69990177.1124886643358675
7613906048058925832074805.416865
99569568092160614152.9532279334
9189137189490580835690663.5199222
77908243382319478780122.9933667
179105388609051111202138392995.9223309755694336
-224002998380791.887692821
135942295775662690934343490.3053
0
997128705866.7793145
102720634514193740340382.95
9289421143.13780498762
7608194301404970220.320834993
ERROR: Division by zero or other operation error in line 2404
2
961078377128027386.5284469957
694790915195773159582.341469544
-1870146187027932163.4776383674
352393.966272507
165795419.079780393021246
9580220080689058927129099.70569525
5395573595825.617561
170547209264929465.9471969095
2241209694376609210163085.203186862472
26749549042235734.49085954
-9126042232536770424.1178282
3628264724195028793.681849
8564804993735.966
561007923047.001579
361189003468622481252.7202
-50215702516012227244759335.8055484224
72736115008.6057633
-1003
9330958724237662883687372.202543381
389695157332221353782718421983278.3370304
3913377603949807707876659484934932267089715.004
387789467156290882470728731.6124931
400788675875585095914499.723669455
-1101440.73819504
59990203854061448865.12426943276
3443596641120848263667.41
1.6
20462506929700607776040.73013594158
-387332068178492.10392366270851
0
-631169515225606420098.37687238719
-1003
1003
26491907044519649229014.901748424338
2113083211173051971326649.33126528
68280040490609011040961.51532092
309184357978630505057458.915671
849075394730939950953.350232327075
9009851315458621.5587744464
-64663098913639971028.8974731657119862
2844240723049811880545254657121667451105.0954
907155476898138715761.000780807
8204873045194558706.7347740187
1003
-11514491183026290713418101734019146297.463468253021
1003
4328965517861318844625329.534
92048118577016579319422.831435374
1.5
3883062358.331140896435
657257438886704869943919375686341.1625503456
8772663321096.370532526
463.8772546
-136539037333595898358466330809642195.056664524365
9111170558118031588.475567
532729657.262537982
531931935303894687.4101114873
0
1080704800358720209737381.192570083721
-41143243275235887652446494754526.573935993348124
876907973064427038.6597268395
383055352834435018.30468835984
963105052438380658.029304
0
6491801722601699841.533403807
52408609476577.9665
-18139667171396669351768518515757144585398.07965884376
-17676991507859311129.393700661
29165453.214693035
296376118412.4137223882375126884
4350573335852980.5467872958
5576543288775528758375894.8937622801
179614219455447109.45
0
0
40013414058067091392.50716
-1003
2983715.71463307398
-2077196767416606512.02162414408
-357106188672817392877.3223983
88657288982737.83716621701
237047576.0881755636733
963840666580041660.178495415
-1003
331334845877049672202.229258796434
79976816085616.749120902625
4969083217790746486.7359255
-4064938245496898570611043411111450.080646910394
907468436368271112197.140384
-92791327201612587.920685
-901984347861232192565.992046846
16695424025318900337581.15453268632
772556915117685559241757.45
19.4
66977248463323869124512.304967143413985365
3243672031.3167284508
4606777942056837354107.4269085
0
-344217079108.187355456
1003
1.6
ERROR: Division by zero or other operation error in line 2507
47209348703538.7492752191976
9644829611300747.37557
5715890429025806666.3079763
5167952027930396080262.19
1003
4785846421036362773.99393441666
3913696481139.40510265846
-8538817683535676.744693169
299506925.4777809342
1003
403816919490432.6986517929
-74527594141809710654081766520313155370786117.607929963912
36341164001014135367.5935
-2861537.883147644186
ERROR: Division by zero or other operation error in line 2522
84208856250.022493140414
32850116880518877.86764296
-9830272482107300959.6028837
5459596971549604865901.952792
7544690.7447
15.8
6.90838855
-6952984241980.02741146529
26778803024923008334271.155039308801
1003
4775700041828081258202.653521101057
-32952238521704.56377260745080815224
1003
6873111344241.67027709
-2256170476234422937386602058716.75023363748221
59371910378934782942.563449170003
14661840390.1543823
2021824009841916272.63107853386
-36289757203143061441.8589955
-1490278742967175662933.6785404
394637443696265058590313.013757126
9663070989577.399875
-1595522.42408919192
-67628888299609655676184561236254194393437869237955062.21097770859
8768965602509488932450615.624358
-1003
17348760392176929466007773778.61283964973771516
1323955518025103827308272.120463
684481021793080491445.1996
-1786226814146694.35494426743483
-207131987118.5777750397191184
1067516539927369369.6105512
116761847230461841532.516435791271
993786031120823.4496987
4714732034.48693890788
8556122899662634316.053134
-1698433785237.24
840152618202632.004
-95558525178.304349
20.5
ERROR: Division by zero or other operation error in line 2563
9904269808785443811.978506161
35311475.777
7596.00058
37087129018020.367042585439
80424087416545.9459101999
97060316.4599841
-1003
7656907.7086117058
8974565913.65425568
83726752659128038577.8218057491
8449160936595199.8439082
5398844278952361790789.7281727193
12621745966550183.76627028951
1003
38062089150598.77185
753673.7435708
-1003
-1003
-47383265036953954411297001723.8642920800075
0
83773449781385469195071493006.65226
546794044531.0977978024
712875857567667152.612944063999
-280907283284071700439443142644.7730658353582434
8804096185581389878357.1
571281442944401929275204.2805129
82842681912332587.0131424
-2558594536984255400335644.1399
-16118341246596024698523908704799020084226.36416403993485
-1003
-11124001027122916593821191840853958189643263086.18417754177
9404609410.00384638373
-25375435413431365731777389994.8164914049926206
-707124084772.69456409484
2418674110129286.2259397
762734.0848317
2317623.4602136
0
0
69205596758600635931994.177109272897
ERROR: Division by zero or other operation error in line 2604
0
1003
-905143882737491896802.13240621
1379585646537329311223999941.839389779721084
3441792678412064540750.4972985
1006875079610393.31936765
609522946209355686257.36124
3380609029529100.849107
9420014144246073723862537.08051
5137244922988597139.551584
46720347.142119
76574374896910326163451.7925533396
ERROR: Division by zero or other operation error in line 2617
5642669887373265545148404.930901651
97035.60506245
1003
1.5
35939933797058162951869.17187442
0
85705037424688.3547958
-6727287818414762388109727.375906
-72692339530025546643.231851
2644668472023162.83942
-196273167353640.2683
2644915321809119718909.19096341
386132394564523427531.760241433
7013357597375742.1768
6664666025.5195617677
-2593058470407303973.5723862104
-3365576399386372937163.16096
40621705191697330399.836909446
7048869320553399.0892732537
6157451522.2019753778463004
81095340098224058219.6749866009
-8630631403138640115479024190.7292
-33042823705422.10250533107493
1364964413946536.681184977727
-185406306307488619.075
9553606223063563627431.172579460543
954925262369257068152.07279006393
2
6265095429150934223981.884008623
3562
9.4
50291332276039170.48707
6765196524914.26764416059
0
70885329873393552235144.70364762205
359321960171973157940324654570990669.35710314
43253842381319426521729116577308576851.171887048448268
45615266559147625317.663374035
584264833376024461830147.2
3.4
966.825251842188
1363471148261379316366921509773615.6425724036
1858866754399232584713452310966191662468.9517212845
ERROR: Division by zero or other operation error in line 2661
1003
4907737295450380162638529.533157387185
-277673960225071065615.4987063024905
-1003
14375315751441568512951.667
-8639858142152612.96372414293
4630942338.380803416
1003
102773115.69427
ERROR: Division by zero or other operation error in line 2671
-8780235161884911487997.4295702385
-29920367299495969830596168855.21196234696
137301347585555758822289.633556434253
1003
1003
7566764152336.79322191483
787966944332685681.665184456
48950165823668550437450.70027
4076031240692577.084645
ERROR: Division by zero or other operation error in line 2681
43939578654299052.7488266027
107
8453396962716486971935.503950618
18584.637941289
7773685237476115584973808.6
-418566549347820198.592087616126
1003
480764105204335216484449562850609803.4867144
38141325645942.43489871
152513620401641106839.17365766383
8048456716.957
8872595091033319.4283845
784626098255950380187.084440053
37692700078155767322316044493307354657115972839333825.6242735719
474394745786601782923646492739134.73656062253
5907444200538154700138815.42
9.1
0
5801874.898411
130563846856.8252135918
-3780626282819839.7578
8.1
5390449448655776949855907.555850598632
0
-52900249378305887170460.54134104
-1003
-1003
38839039799783324411.2640532748
0
71542935271234988.338359248496
152718499323131062.711847910511
255333179313475618867691.299487463
800280898046638813.80492412447
315961943.363799608
-1003
-15469050922745483380.8108
80249116993478483464972.30721782
302428699041379092455.379054
5360743.98333378733
0
-881898643403491142096489.220582
1260435265473960104333919.6086883610749
3.7
9744888392375898751449625.45479
7075789848831972293.7528172
2120871048511.10143751377
88018204339709714.070562567
871623702078262153836358.42782847
752417.132613906
ERROR: Division by zero or other operation error in line 2731
47759012929929201337427.408577
1522013939.49706303092
-839489.091
-373416471012127766564779.724109422412
1207515971973042.062305
-434872372530468880533474.2601161729
2.4
0
12752609080145162083709343.3749357373014
468952974799172478513.638384607
80823019271905890977515.60328
-151161737300325531448242646173788216817339132.0832128
-41939651736286734170530260590566571728.956828
-22915975943072170184655043619231355113.903823114
511678816031715.402621159387
97749763705835233862094.01876955216
65353378824374923968818.050760157
1490369436.5823577
71339155085017.74738228
73678264871678249.8048201144
26060754770634583.96138432309
570716519313763.5137185519
647603016636251.02627
6.8
-2612099286883844244847877.82909320934
7746415.03327399741
-25206528.0564305536
10193.6114993
6023694404.3335938
-106789955854123821204.124369096205
96862376008813.3683083
2779053396198426151233444.4
59183270589.677342346
96369341152548331569955.4977011
448149518595066252809431.68840159309
648.3
4265306011038045465760.1281907
1003
-1003
74693143603121312955405.5
55102583550.99538078043
68574911136550796841018.547066436
-2534.65969515108
1003
79008849670717.92183477
914.78222267718
8673608633399506667508.388923966
301543.23601915735
-41095313533544485865304492463.347392212191825
1003
9703688300483803267.592291277705
73747888245919669.114644
2428097020979096351541489.726496106525
ERROR: Division by zero or other operation error in line 2785
129996633088.9243947866
58932528809570156.8451462743
-280000870167524342653264793273812576.85176042753634
7189117944862530108064702.89711185501
ERROR: Division by zero or other operation error in line 2790
8367068.7783
-31685098947939841491.22382235
756292428809962315622.467329152
9028441616936242459.6
206963749121879065031309.014069
35302.520781955
-3065391018275547301829.06
96041609021308883.8184151
-59137174425.1193524
137445709.863518051439
2413769596302673040731.6307740539
5673919008899.923274
150641383670240876.571473
865077529.72316320993
-979036816575847596410996227686957760751716312614.708972
85342144835457498839672.25254288
112194631141562738.0655
7347494806903040.8488269
6060933719865851021458.8188
3386707760429398766740880.46267132026
-261683574359401159053626008.4661876722056
260529751944940108581.0001773
4220371217889087800373.90702832481
17238.95981345653
1942348883.9968792656
8697117559.005253479
-475257448825269901851131.87717683511
-31979302125862963.1643
20845078604356605034264.83307672
10585458221563187.22370083815
5644026135342555681076.21384223917
2075656399564560395353503.287230886058
356043518.4222721501
-14877.1
1003
908263072125169539633.0168
0
2585391572930906101540402.77877
80088606530647720187.6874
-1003
2461315431164272712.319191
84163228556314773.86949025
-15882059045285391174600864141171240014361889330587.440142653295
787292183192228336875
53421395796802662658756.4597780046
-80608469093404673.6850471
0
1003
ERROR: Division by zero or other operation error in line 2839
-1714014964340647354816.40014
66311402484858564904.43786
1003
95224530591879.0328495
-126755191396.20797996
137.3
-1003
7385931720.2578976588
344338840871535054677006856108.3431031798
85760180863803434.77090536
27273406975413733.01508928021
54233100310024.434871130122
5067253253774.4022331
3905256599517.3128551697
805363441.54120934
10919527038027499220687.9851
5711706485796886312373.90448138819
-583747558030901686433
1443853348136283481.441845
8186244756311212638506.8066154
15079736565354374.46109027168
376966365286900208090.1472565
-737311493371888413073481.0285434
-607614048687169073382129
143979478924.3235020259
78115805933288265734.176552
26.6
1914470.841
789292476319070.9751315457
527674831730662931518181.24265866
0
-418092075824605833857887.157222538991
5565386947902490.35524
33523457521475710029437656.8266973690375
47624515689104704.910878092
-5559396522419.07145
63613826397141307010.34519
1.8
55512235712.5812713
6285725629269335895129.53149051
7274666216219265277555995.2163
4468060656121738082.106354131
739661898613362651.001623132
758549287.514346823
635560932048996424444947.06285981127
1452926769889917.77544677
ERROR: Division by zero or other operation error in line 2886
29410282963801777.2545314858
-5674071853312366658948.5318483
14103261021109823172166889681518294166944851295399612.1237990616717939
1262085817452735364297516.1293
9146054779688288179683729.0386
5596099513970119465500780.7927851
28751097921583503366383.64883185
0
5382814046247863567491.916689
5053800069490.158146936
1003
1003
-1003
9230650998602666785880.704
791335252301691546733682911766346995.3
-32161070519348460056246.079786605
1003
59919701426203708731336.6675
68344302131546424.326021003001
756630726911853839.539968458
-9854891800033.0809
755196508073907122501161.4429803957
2998467607667401485.395848
-251414050850135239005.64122647336
-760235158501588113812.156058790679
46135927682648604.269621419
ERROR: Division by zero or other operation error in line 2913
9182223449447484610631.5465265099
-51969818482284148510127018400882706.322069131
-5090118.8696
88658609834.3944
659047496258.6591
8565907101064.990025189207
29857101177048962610902166.968735043100404
4513426200587.4501848838
31050296964955900368436000606709809532.908568276999748
-40910046189.061784433181
812151342284996926.003627660175
-3974512018935847106.421
392849238274460010967.3999245
89599594652151809949868.5635874
2929625349151624718097905899896.7904458
796443892450975397533160410390818808636.4116831962
-1003
4164705948865616457.31623874
-198894840500357418369086504600874288547089742287.8332677415
1003
80125832011625202698.187405026
-5066396321257434581176607507592655262.4092
-11338658590762984682177835277522.94
56385060206465976592.47959151
15751141916806194932044047.7588
-4742613925281911216545406014762057831.7529072
327839290245.342234605
1003
7230219.54787636159641862
-639892313246598672339247.526651050103
-7102.30127
2175425305364.6765249509
992685938740922378171843.62854788825
147473389147852470.61264815388
-222370845880129.0455559601
27791520829445227758.76892277
58765244965525677.1
ERROR: Division by zero or other operation error in line 2951
-1387142762.7423341285
27800733469618395553760945999.07309692836
519715755716986632449751.18
-141351390453160.62
173807462375186.205068212226
1003
24371045825215339.526082
-3055800922577550367.821820597347189
10101542964130492697588558612292932058574.7663825
466932339096.7740689691
0
217559239510105253254335370016606485287789912840
-437735824942830140.417518007
6003571783977596683246671.9677090546284
94.65423696574
-243593410620536386441500.1335836
470.7
5155940458609620565472062.603365
4746052330330192.486630475
3.5
-9901365421601592.868227401956
-310073590132633379.482243025959
979201482922.9259967
5068814116299989214467373587870945.3993781
829611555323335506543029.2
1003
494866400774794862095427718156836.202
4443009110185663418885.9385262718
0
69292002689805526.12857325163068
15090131988693822274.0934319
29453094.7766650522
-193127739259620946.88569917952
-237495856833953642725552403258378451906.84
94619012350.80595155
-670016853694097790206.426839699571
-1003
771446793104213483938858283.80481503688
ERROR: Division by zero or other operation error in line 2990
7433695757524739752210.25627647
1003
11269631500273480886283.6469631941
ERROR: Division by zero or other operation error in line 2994
ERROR: Division by zero or other operation error in line 2995
5.7
6199663658074120948121.4321761
478660518133690.320383
63.2600435
-273699816840213633.35914689
